0000000 064556 071564 060556 061545 026460 030060 030060 032143
0000020 031400 000000 000000 000000 000000 070545 066565 026160
0000040 071545 071151 062563 000111 041115 026166 062145 073151
0000060 061545 000166 062145 073151 061545 000000 000000 001000
0000100 000000 000400 000000 000161 062555 072454 071560 060560
0000120 071055 067166 071141 066400 067166 071141 066400 000001
0000140 000000 000000 010002 000000 000000 070400 000000 077163
0000160 002240 067166 071141 066400 077163 000110 073144 062566
0000200 064543 062400 064166 072145 071155 030400 071545 071151
0000220 060554 000000 000020 003400 000000 000060 000000 000176
0000240 071402 144166 072171 000155 062555 067562 074400 000000
0000260 000004 000000 000000 000000 000000 000000 000000 000000
0000300 000000 000000 000000 000000 040000 000000 000000 000027
0000320 140000 000000 000000 000037 177777 000000 000000 000000
0000340 000001 000000 000000 000042 037777 000000 000000 000000
0000360 000001 000000 000000 001670 122200 000000 000000 000007
0000400 055600 000000 000000 002436 167722 000000 000000 000000
0000420 010056 000000 000000 002457 000000 000000 000000 025320
0000440 000000 000000 000000 027777 000024 000000 000000 046676
0000460 177754 000000 000000 077756 177777 000000 000000 000000
0000500 000001 000000 000000 077776 177777 000000 000000 000000
0000520 000001 000000 000000 077777 177777 000000 000000 000000
0000540 000001 000000 000000 000000 000000 000000 000000 100000
0000560 000000 077163 003450 066545 066557 071171 000000 000000
0000600 000000 000020 000000 000000 000400 000020 000400 000000
0000620 000400 000000 002000 000020 000400 000000 000176 071241
0000640 170150 067564 026560 066165 063455 062566 062556 072163
0000660 000000 000000 001176 071240 030000 000020 000000 000000
0000700 000176 071243 000145 070157 073455 062566 062556 072163
0000720 000145 073145 067164 026563 067565 071143 062563 000143
0000740 064162 070000 063141 066163 062400 032461 031000 063141
0000760 066163 062400 030000 061157 067564 000000 000060 000146
0001000 060554 071545 000164 071165 062400 000146 060554 071545
0001020 000000 000000 000000 072162 072545 000000 063141 066163
0001040 062400 072162 072545 000060 000163 062564 070141 071141
0001060 066563 020047 043145 062157 071141 020050 032056 030466
0001100 027063 026463 030061 027146 061462 034056 070160 061466
0001120 032051 020062 034040 024103 066157 072544 020105 062151
0001140 072151 067556 024447 005012 004554 067541 062137 073151
0001160 062145 067412 004551 067163 066557 062040 063572 064557
0001200 005011 064556 071555 067544 020160 060562 072137 066563
0001220 062157 071412 004551 067163 066557 062040 062570 072062
0001240 005011 071545 072040 071157 067564 036447 064144 030054
0001260 066563 062157 071462 023412 004551 063040 055440 074044
0001300 063145 060564 072562 062537 070154 060564 063157 071155
0001320 057563 062541 071143 064137 064151 067164 020075 020170
0001340 074440 056473 020164 064145 067012 004440 020163 062541
0001360 071143 064040 026455 067157 026546 066157 070160 074440
0001400 026455 063163 026565 072551 062040 026455 071545 072075
0001420 071157 067564 020055 026550 064556 072075 023550 062060
0001440 026155 071544 067563 031047 020040 061061 062543 030543
0001460 033464 026545 062067 033055 032071 061062 026471 061461
0001500 030455 030142 030461 061470 033545 031142 061146 005011
0001520 062554 071545 005011 020040 071545 060562 061550 020055
0001540 026556 067455 063154 067560 070171 020055 026546 071455
0001560 072565 064544 020055 026563 062564 036562 067557 072040
0001600 061061 062543 030543 033464 026545 062067 033055 032071
0001620 061062 026471 061461 030455 030142 030461 061470 033545
0001640 031142 061146 005011 063151 005011 066151 067165 074040
0001660 027542 067557 072057 073155 066151 067165 075055 032056
0001700 030466 027063 026463 030061 027146 061462 034056 070160
0001720 061466 032040 071157 067564 036525 052511 042075 061061
0001740 062543 030543 033464 026545 062067 033055 032071 061062
0001760 026471 061461 030455 030142 030461 061470 033545 031142
0002000 061146 020162 067440 067157 057564 064555 062562 057543
0002020 064145 061553 020156 062564 027151 063156 060555 062563
0002040 036460 020143 067556 071557 066145 036564 072171 030440
0002060 061557 067163 067554 062475 072164 074523 030054 030461
0002100 032462 030060 067070 020114 040516 043475 062556 057525
0002120 051456 052524 043055 034012 004551 067151 072162 062040
0002140 027542 067557 072057 064556 064564 071141 066546 071455
0002160 032056 030466 027063 026463 030061 027146 061462 034056
0002200 070160 061466 032056 064555 063412 030466 031470 032000
0002220 077163 021060 000157 070164 064557 067163 000065 030462
0002240 000000 000040 016457 177400 000000 000040 002000 000040
0002260 003550 061541 066154 026560 063164 000150 061541 066154
0002300 026564 062562 066400 064143 060554 066055 062141 061162
0002320 000150 061541 066154 026551 067164 062562 071165 070164
0002340 000150 061541 066154 026564 061545 000150 061541 066154
0002360 026566 064557 000150 061541 066154 026563 070154 070141
0002400 071000 064143 060554 066055 061165 066153 000150 061541
0002420 066154 026563 062564 026555 067544 062400 064143 060554
0002440 066055 071560 071147 030000 064143 060554 066055 061557
0002460 070171 000150 061541 066154 026544 062542 072547 000150
0002500 061541 066154 026555 072554 072151 026564 061545 000150
0002520 061541 066154 026550 070164 026562 062563 064572 062400
0002540 000000 020025 000000 020024 000000 020047 000000 020044
0002560 000000 000000 000000 000000 000000 000000 010000 000000
0002600 000000 000002 000000 020042 000000 020045 000000 020032
0002620 000000 020022 000000 020031 000000 020036 000000 004000
0002640 000000 020040 000000 020050 000000 020030 000000 020027
0002660 000000 020015 000000 020051 000000 020011 000000 020043
0002700 000000 020006 000000 020012 000000 020034 000000 020017
0002720 000000 020033 000000 000004 000000 000004 000000 020041
0002740 000000 020037 000000 020000 000000 000024 000000 020001
0002760 000000 020016 000000 020023 000000 020002 000000 020021
0003000 000000 020003 000000 000001 027777 000000 000000 020026
0003020 077162 107060 000000 020014 000000 020010 064143 060554
0003040 066055 066545 066557 070061 000000 000040 002400 000040
0003060 010000 000040 005400 000040 023162 072141 071400 044502
0003100 046440 070123 062562 064545 071440 024145 066565 066141
0003120 072145 062040 061171 020161 062555 072451 000057 070143
0003140 064500 034060 030060 030060 030062 030060 030060 030060
0003160 030057 073147 060500 032400 027566 062145 073151 061545
0003200 027556 073162 060555 040067 030460 030060 030060 030000
0003220 027560 061551 040070 030060 030060 030060 031060 030060
0003240 030060 030060 027545 072150 062562 067145 072100 030400
0003260 027566 062145 073151 061545 027566 072171 040063 030060
0003300 030060 030060 030000 027560 061551 040070 030060 030060
0003320 030060 031060 030060 030060 030060 027565 071542 040062
0003340 000176 071441 024057 070143 064500 034060 030060 030060
0003360 030062 030060 030060 030060 030057 072563 061100 031057
0003400 072563 061055 065545 074542 067541 071144 040062 000057
0003420 070143 064500 034060 030060 030060 030062 030060 030060
0003440 030060 030057 071543 071551 040063 000141 066151 060563
0003460 062563 000176 071371 120000 000000 020005 000040 000000
0003500 100005 041117 047524 057511 046501 043505 036457 061157
0003520 067564 027566 066554 064556 072572 026464 027061 033056
0003540 031455 031460 030456 063143 031070 027160 070143 033064
0003560 020162 067557 072075 052525 044504 036542 030545 061461
0003600 061467 032055 062544 033466 026464 034542 031055 034543
0003620 030461 026460 061061 030543 034067 062462 061142 063040
0003640 071157 020156 067537 072151 066545 071137 061550 062543
0003660 065440 067145 072056 064546 067141 066545 071475 030040
0003700 061557 067163 067554 062475 072164 074461 020143 067556
0003720 071557 066145 036564 072171 051460 026061 030465 031060
0003740 030156 034040 046101 047107 036545 067137 052523 027125
0003760 052106 026470 000000 000000 000003 140000 000176 042630
0004000 100000 000000 000001 124400 000000 000003 020057 070143
0004020 064500 034060 030060 030060 030062 030060 030060 030060
0004040 030057 071543 071551 040063 020110 040514 052000 000000
0004060 000000 002436 167722 077075 155000 013400 014000 014400
0004100 015100 077105 113600 077075 155600 027560 061551 040070
0004120 030060 030060 030060 031060 030060 030060 030060 027566
0004140 063541 040065 000176 071212 100057 070143 064500 034060
0004160 030060 030060 030062 030060 030060 030060 030057 071543
0004200 071551 040063 000000 000002 054143 064157 071545 067000
0004220 077105 113200 000000 000000 000000 000000 000000 000002
0004240 000000 000002 000000 000000 034062 032067 026462 031114
0004260 000062 030462 031471 042501 000123 046117 043054 044105
0004300 040504 000000 000000 000000 000176 071442 170157 070145
0004320 067160 071157 066400 077163 143620 067542 070055 072146
0004340 072160 000176 071564 040146 060564 026546 064554 062563
0004360 000176 071444 140144 062542 066157 061553 062562 000176
0004400 071633 134162 067555 026546 064554 062563 000176 071457
0004420 060144 064563 065455 066141 061145 066000 077163 146020
0004440 064563 067455 034466 033060 000176 071645 154145 074164
0004460 031055 063151 066145 071400 077163 021770 070141 061553
0004500 060547 062563 000064 032466 061466 032062 061455 032070
0004520 034144 026464 060465 060455 034145 031543 026460 034061
0004540 030060 033063 034545 032060 033400 000000 000400 041461
0004560 033000 041461 033400 041461 034000 041461 034400 041462
0004600 030000 041462 030400 041462 031000 041462 031400 041462
0004620 032000 041462 032400 041461 030000 041461 030400 041461
0004640 031000 041461 031400 041461 032000 041461 032400 041463
0004660 031000 041463 031400 041463 032000 041463 032400 041463
0004700 033000 041463 033400 041463 034000 041463 034400 041464
0004720 030000 041464 030400 041462 033000 041462 033400 041462
0004740 034000 041462 034400 041463 030000 041463 030400 041461
0004760 033060 000103 030466 030400 041461 033062 000103 030466
0005000 031400 041461 033064 000103 030466 032400 041461 033066
0005020 000103 030466 033400 041461 033070 000103 032070 000103
0005040 032071 000103 032460 000103 032461 000103 032462 000103
0005060 032463 000103 032464 000103 032465 000103 032466 000103
0005100 032467 000103 030466 034400 041464 031000 041464 031400
0005120 041464 032000 041464 032400 041464 033000 041464 033400
0005140 041461 033466 000103 030467 033400 041461 033470 000103
0005160 030467 034400 041461 034060 000103 030470 030400 041461
0005200 034062 000103 030470 031400 041461 034064 000103 030470
0005220 032400 041466 032000 041466 032400 041466 033000 041466
0005240 033400 041466 034000 041466 034400 041461 033460 000103
0005260 030467 030400 041461 033462 000103 030467 031400 041461
0005300 033464 000103 030467 032400 041467 030400 041467 031000
0005320 041467 031400 041465 034000 041465 034400 041466 030000
0005340 041466 030400 041466 031000 041466 031400 041461 034462
0005360 000103 030471 031400 041461 034464 000103 030471 032400
0005400 041461 034466 000103 030471 033400 041461 034470 000103
0005420 030471 034400 041462 030060 000103 034060 000103 034061
0005440 000103 034062 000103 034063 000103 034064 000103 034065
0005460 000103 034066 000103 034067 000103 034070 000103 034071
0005500 000103 031060 030400 041461 034067 000103 030470 034000
0005520 041461 034066 000103 030471 030000 041461 034461 000103
0005540 033464 000103 033465 000103 033466 000103 033467 000103
0005560 033470 000103 033471 000103 031060 034000 041461 034071
0005600 000103 031060 034400 041462 030460 000103 031061 030400
0005620 041462 030462 000103 031061 031400 041462 030465 000103
0005640 031061 033000 041471 033000 041471 033400 041471 034000
0005660 041471 034400 041461 030060 000103 030460 030400 041461
0005700 030062 000103 030460 031400 041461 030064 000103 030460
0005720 032400 041462 030467 000103 031060 031400 041462 030064
0005740 000103 031060 031000 041462 030066 000103 031060 033400
0005760 041471 030000 041471 030400 041471 031000 041471 031400
0006000 041471 032000 041471 032400 041462 031064 000103 031060
0006020 032400 041462 031065 000103 031062 033000 041462 031070
0006040 000103 031062 034400 041462 031460 000103 031063 030400
0006060 041462 031462 000103 030461 031000 041461 030463 000103
0006100 030461 032000 041461 030465 000103 030461 033000 041461
0006120 030467 000103 030461 034000 041461 030471 000103 030462
0006140 030000 041461 031061 000103 031061 034000 041462 030471
0006160 000103 031062 031000 041462 031061 000103 031062 031400
0006200 041461 030066 000103 030460 033400 041461 030070 000103
0006220 031061 032000 041461 030071 000103 030461 030000 041461
0006240 030461 000103 031062 030000 041462 032060 000103 031064
0006260 030400 041467 030000 041462 031463 000103 031064 031000
0006300 041462 031067 000103 031064 032000 041462 032065 000103
0006320 030462 034000 041461 031071 000103 030463 030000 041461
0006340 031461 000103 030463 031000 041461 031463 000103 030463
0006360 032000 041461 031465 000103 030463 033000 041461 031467
0006400 000103 031063 032000 041462 031465 000103 031063 033000
0006420 041462 031467 000103 031063 034000 041462 031471 000103
0006440 030462 031000 041461 031063 000103 030462 032000 041461
0006460 031065 000103 030462 033000 041461 031067 000103 031064
0006500 031400 041462 032066 000103 031064 033400 041462 032070
0006520 000103 031064 034400 041461 032064 000103 030464 032400
0006540 041461 032067 000103 030464 034000 041461 032071 000103
0006560 030465 030000 041461 032461 000103 030464 033000 041461
0006600 032463 000103 030465 031000 041462 032462 000103 031065
0006620 030000 041462 032461 000103 031065 032400 041461 031470
0006640 000103 030463 034400 041461 032060 000103 030464 030400
0006660 041461 032062 000103 030464 031400 041462 032463 000103
0006700 031065 032000 041461 032464 000103 030465 032400 041461
0006720 032466 000103 030465 033400 041461 032470 000103 030465
0006740 034400 041460 000103 030400 041462 000103 031400 041464
0006760 000103 032400 041466 000103 033400 041470 000103 034400
0007000 000000 000002 000000 000400 031070 000062 034000 031070
0007020 000062 034000 031070 000062 034000 031070 000062 034000
0007040 031070 000062 034000 031070 000062 034000 031070 000062
0007060 034000 031070 000062 034000 031070 000062 034000 031070
0007100 000062 034000 031070 000062 034000 031070 000062 034000
0007120 031070 000062 034000 031070 000062 034000 031070 000062
0007140 034000 031070 000062 034000 031070 000062 034000 031070
0007160 000062 034000 031070 000062 034000 031070 000062 034000
0007200 031070 000062 034000 031070 000062 034000 031070 000062
0007220 034000 031070 000062 034000 031070 000062 034000 031070
0007240 000062 034000 031070 000062 034000 031070 000062 034000
0007260 031070 000062 034000 031070 000062 034000 031070 000062
0007300 034000 031070 000062 034000 031070 000062 034000 031070
0007320 000062 034000 031070 000062 034000 031070 000062 034000
0007340 031070 000062 034000 031070 000062 034000 031070 000062
0007360 034000 031070 000062 034000 031070 000062 034000 031070
0007400 000062 034000 031070 000062 034000 031070 000062 034000
0007420 031070 000062 034000 031070 000062 034000 031070 000062
0007440 034000 031070 000062 034000 031070 000062 034000 031070
0007460 000062 034000 031070 000062 034000 031070 000062 034000
0007500 031070 000062 034000 031070 000062 034000 031070 000062
0007520 034000 031070 000062 034000 031070 000062 034000 031070
0007540 000062 034000 031070 000062 034000 031070 000062 034000
0007560 031070 000062 034000 031070 000062 034000 031070 000062
0007600 034000 031070 000062 034000 031070 000062 034000 031070
0007620 000062 034000 031070 000062 034000 031070 000062 034000
0007640 031070 000062 034000 031070 000062 034000 031070 000062
0007660 034000 031070 000062 034000 031070 000062 034000 031070
0007700 000062 034000 031070 000062 034000 031070 000062 034000
0007720 031070 000062 034000 031070 000062 034000 031070 000062
0007740 034000 031070 000062 034000 031070 000062 034000 031070
0007760 000062 034000 031070 000062 034000 031070 000062 034000
0010000 031070 000062 034000 031070 000062 034000 031070 000062
0010020 034000 031070 000062 034000 031070 000062 034000 031070
0010040 000062 034000 031070 000062 034000 031070 000062 034000
0010060 031070 000062 034000 031070 000062 034000 031070 000062
0010100 034000 031070 000062 034000 031070 000062 034000 031070
0010120 000062 034000 031070 000062 034000 031070 000062 034000
0010140 031070 000062 034000 031070 000062 034000 031070 000062
0010160 034000 031070 000062 034000 031070 000062 034000 031070
0010200 000062 034000 031070 000062 034000 031070 000062 034000
0010220 031070 000062 034000 031070 000062 034000 031070 000062
0010240 034000 031070 000062 034000 031070 000062 034000 031070
0010260 000062 034000 031070 000062 034000 031070 000062 034000
0010300 031070 000062 034000 031070 000062 034000 031070 000062
0010320 034000 031070 000062 034000 031070 000062 034000 031070
0010340 000062 034000 031070 000062 034000 031070 000062 034000
0010360 031070 000062 034000 031070 000062 034000 031070 000062
0010400 034000 031070 000062 034000 044502 046454 046157 063551
0010420 061541 066137 050110 041000 000000 000400 040000 000020
0010440 040000 000021 040000 000022 040000 000023 040000 000024
0010460 040000 000025 040000 000026 040000 000027 040000 000030
0010500 040000 000031 040000 000012 040000 000013 040000 000014
0010520 040000 000015 040000 000016 040000 000017 040000 000040
0010540 040000 000041 040000 000042 040000 000043 040000 000044
0010560 040000 000045 040000 000046 040000 000047 040000 000050
0010600 040000 000051 040000 000032 040000 000033 040000 000034
0010620 040000 000035 040000 000036 040000 000037 040000 000240
0010640 040000 000241 040000 000242 040000 000243 040000 000244
0010660 040000 000245 040000 000246 040000 000247 040000 000250
0010700 040000 000060 040000 000061 040000 000062 040000 000063
0010720 040000 000064 040000 000065 040000 000066 040000 000067
0010740 040000 000070 040000 000071 040000 000251 040000 000052
0010760 040000 000053 040000 000054 040000 000055 040000 000056
0011000 040000 000057 040000 000260 040000 000261 040000 000262
0011020 040000 000263 040000 000264 040000 000265 040000 000266
0011040 040000 000267 040000 000270 040000 000271 040000 000100
0011060 040000 000101 040000 000102 040000 000103 040000 000104
0011100 040000 000105 040000 000252 040000 000253 040000 000254
0011120 040000 000255 040000 000256 040000 000257 040000 000107
0011140 040000 000110 040000 000111 040000 000072 040000 000073
0011160 040000 000074 040000 000075 040000 000076 040000 000077
0011200 040000 000300 040000 000301 040000 000302 040000 000303
0011220 040000 000304 040000 000305 040000 000306 040000 000307
0011240 040000 000310 040000 000120 040000 000121 040000 000122
0011260 040000 000123 040000 000124 040000 000125 040000 000126
0011300 040000 000127 040000 000130 040000 000131 040000 000311
0011320 040000 000273 040000 000274 040000 000272 040000 000276
0011340 040000 000277 040000 000112 040000 000113 040000 000114
0011360 040000 000115 040000 000116 040000 000117 040000 000320
0011400 040000 000275 040000 000321 040000 000322 040000 000323
0011420 040000 000324 040000 000325 040000 000327 040000 000330
0011440 040000 000140 040000 000141 040000 000142 040000 000143
0011460 040000 000144 040000 000145 040000 000146 040000 000147
0011500 040000 000150 040000 000151 040000 000331 040000 000313
0011520 040000 000314 040000 000312 040000 000316 040000 000317
0011540 040000 000132 040000 000133 040000 000134 040000 000135
0011560 040000 000136 040000 000137 040000 000340 040000 000315
0011600 040000 000341 040000 000342 040000 000344 040000 000345
0011620 040000 000346 040000 000347 040000 000350 040000 000160
0011640 040000 000161 040000 000162 040000 000163 040000 000164
0011660 040000 000165 040000 000166 040000 000167 040000 000170
0011700 040000 000171 040000 000332 040000 000333 040000 000336
0011720 040000 000335 040000 000337 040000 000152 040000 000153
0011740 040000 000154 040000 000326 040000 000155 040000 000156
0011760 040000 000157 040000 000334 040000 000360 040000 000361
0012000 040000 000106 040000 000351 040000 000362 040000 000343
0012020 040000 000364 040000 000365 040000 000200 040000 000201
0012040 040000 000202 040000 000203 040000 000204 040000 000205
0012060 040000 000206 040000 000207 040000 000210 040000 000211
0012100 040000 000352 040000 000353 040000 000354 040000 000355
0012120 040000 000356 040000 000357 040000 000172 040000 000173
0012140 040000 000174 040000 000175 040000 000176 040000 000177
0012160 040000 000363 040000 000366 040000 000367 040000 000370
0012200 040000 000371 040000 000220 040000 000221 040000 000223
0012220 040000 000224 040000 000225 040000 000226 040000 000227
0012240 040000 000222 040000 000231 040000 000230 040000 000374
0012260 040000 000372 040000 000373 040000 000377 040000 000212
0012300 040000 000213 040000 000214 040000 000215 040000 000216
0012320 040000 000217 040000 000375 040000 000376 040000 000232
0012340 040000 000233 040000 000234 040000 000235 040000 000236
0012360 040000 000237 040000 000000 040000 000001 040000 000002
0012400 040000 000003 040000 000004 040000 000005 040000 000006
0012420 040000 000007 040000 000010 040000 000011 101000 010020
0012440 000000 000000 100020 000000 000000 000000 000000 040000
0012460 074150 061551 000000 000000 000500 000000 010000 000000
0012500 001576 073155 154165 071542 026555 067565 071545 000000
0012520 000000 000400 000021 000000 000000 000000 006003 030000
0012540 000000 000000 000033 033000 000000 000400 000000 000400
0012560 000000 000000 000000 006400 000000 000161 062555 072537
0012600 070545 066565 026570 064143 064472 030060 030060 035060
0012620 030072 030062 027060 000000 000020 000000 000000 000000
0012640 000000 000000 000000 000000 000000 000003 000020 010000
0012660 000000 000000 000000 000000 000000 000000 000100 000105
0012700 047000 065545 074542 067541 071144 000000 000000 001176
0012720 073143 020165 071542 026553 062571 061157 060562 062000
0012740 000000 000000 000000 000020 000000 015364 077162 162370
0012760 072563 061000 070143 064400 000000 000001 100400 020020
0013000 000000 000000 000000 000300 000000 000000 000000 000040
0013020 141400 020040 000000 020400 000002 000000 000000 000000
0013040 000000 040000 000000 000000 040000 000040 000000 000005
0013060 000000 000000 000000 177400 000000 000000 000000 015364
0013100 000000 000003 000000 000001 000000 000002 000000 010002
0013120 000000 000000 070545 066565 057566 064562 072151 067455
0013140 061141 066154 067557 067055 070143 064472 030060 030060
0013160 035060 030072 030064 027060 000000 000040 000000 000000
0013200 000000 000000 000000 000000 000000 000000 000001 000040
0013220 010000 000000 000000 000000 000000 000000 000000 000000
0013240 020003 000040 020000 000000 000000 000000 000000 000000
0013260 000000 000100 000000 000000 000000 000032 172176 071363
0013300 000165 067153 067157 073556 026554 062547 060543 074455
0013320 062145 073151 061545 000000 000000 000400 000040 024400
0013340 000370 000000 000000 000000 000000 000377 177777 177400
0013360 000000 001000 000040 023000 000040 023400 000040 024200
0013400 000000 000000 000000 000000 000000 000000 000000 000100
0013420 000000 000001 000000 000000 000000 000000 000000 000000
0013440 000040 000000 000000 000000 000000 000000 000400 000002
0013460 000000 000000 000000 000200 000000 000000 000040 000200
0013500 000000 000000 000000 000200 000000 000003 000000 000000
0013520 000041 000000 000000 000000 000041 000000 000000 000000
0013540 000001 000000 000000 000161 062555 072454 071564 062055
0013560 073147 060400 101000 024060 000000 000000 101001 000000
0013600 000000 000000 000001 000000 141000 024020 000000 000000
0013620 100400 000000 000000 000000 000400 000000 101000 024030
0013640 000000 000000 101000 000000 000000 000000 000000 010000
0013660 062151 071560 066141 074400 000000 000002 040000 000050
0013700 000000 001440 000000 010400 000000 000000 000003 000000
0013720 000000 000000 000000 011064 000000 000003 000000 000002
0013740 000000 010421 000000 006200 000000 000000 070545 066565
0013760 057526 043501 035060 030060 030072 030060 035060 032456
0014000 030000 000000 024000 000000 000000 000000 000000 000000
0014020 000000 000000 000000 001000 024020 000000 000000 000000
0014040 000000 000000 000000 000400 000000 001000 024030 000000
0014060 000000 000000 000000 000000 000000 000000 010000 001000
0014100 024060 000000 000000 000000 000000 000000 000000 000001
0014120 000000 000000 000000 044523 047470 034065 034455 030400
0014140 000000 000040 000000 015364 077162 174640 000000 001130
0014160 073147 060400 000000 000001 000000 000000 000000 000377
0014200 100000 000001 136522 127237 004000 000000 000000 000000
0014220 000000 000020 000000 000037 000000 000003 000000 000000
0014240 000000 000000 000000 000000 000000 000001 077163 004330
0014260 000000 010003 000000 000010 000000 000000 000000 000000
0014300 000000 000000 000000 000002 077163 004330 000000 010004
0014320 000000 000010 000000 000000 000000 000000 000000 000000
0014340 000000 000003 077163 004330 000000 010005 000000 000010
0014360 000000 000000 000000 000000 000000 000000 000000 000004
0014400 077163 004330 000000 010006 000000 000010 000000 004000
0014420 000000 000000 000000 000000 000000 000001 077163 004330
0014440 000000 010004 000000 000010 000000 004000 000000 000000
0014460 000000 000000 000000 000002 077163 004330 000000 010005
0014500 000000 000010 000000 004000 000000 000000 000000 000000
0014520 000000 000003 077163 004330 000000 010006 000000 000010
0014540 000000 004000 000000 000000 000000 000000 000000 000004
0014560 077163 004330 000000 010003 000000 000010 000000 010000
0014600 000000 000000 000000 000000 000000 000001 077163 004330
0014620 000000 010005 000000 000010 000000 010000 000000 000000
0014640 000000 000000 000000 000002 077163 004330 000000 010006
0014660 000000 000010 000000 010000 000000 000000 000000 000000
0014700 000000 000003 077163 004330 000000 010003 000000 000010
0014720 000000 010000 000000 000000 000000 000000 000000 000004
0014740 077163 004330 000000 010004 000000 000010 000000 014000
0014760 000000 000000 000000 000000 000000 000001 077163 004330
0015000 000000 010006 000000 000010 000000 014000 000000 000000
0015020 000000 000000 000000 000002 077163 004330 000000 010003
0015040 000000 000010 000000 014000 000000 000000 000000 000000
0015060 000000 000003 077163 004330 000000 010004 000000 000010
0015100 000000 014000 000000 000000 000000 000000 000000 000004
0015120 077163 004330 000000 010005 000000 000010 000000 020000
0015140 000000 000000 000000 000000 000000 000001 077163 004330
0015160 000000 010003 000000 000010 000000 020000 000000 000000
0015200 000000 000000 000000 000002 077163 004330 000000 010004
0015220 000000 000010 000000 020000 000000 000000 000000 000000
0015240 000000 000003 077163 004330 000000 010005 000000 000010
0015260 000000 020000 000000 000000 000000 000000 000000 000004
0015300 077163 004330 000000 010006 000000 000010 000000 024000
0015320 000000 000000 000000 000000 000000 000001 077163 004330
0015340 000000 010004 000000 000010 000000 024000 000000 000000
0015360 000000 000000 000000 000002 077163 004330 000000 010005
0015400 000000 000010 000000 024000 000000 000000 000000 000000
0015420 000000 000003 077163 004330 000000 010006 000000 000010
0015440 000000 024000 000000 000000 000000 000000 000000 000004
0015460 077163 004330 000000 010003 000000 000010 000000 030000
0015500 000000 000000 000000 000000 000000 000001 077163 004330
0015520 000000 010005 000000 000010 000000 030000 000000 000000
0015540 000000 000000 000000 000002 077163 004330 000000 010006
0015560 000000 000010 000000 030000 000000 000000 000000 000000
0015600 000000 000003 077163 004330 000000 010003 000000 000010
0015620 000000 030000 000000 000000 000000 000000 000000 000004
0015640 077163 004330 000000 010004 000000 000010 000000 034000
0015660 000000 000000 000000 000000 000000 000001 077163 004330
0015700 000000 010006 000000 000010 000000 034000 000000 000000
0015720 000000 000000 000000 000002 077163 004330 000000 010003
0015740 000000 000010 000000 034000 000000 000000 000000 000000
0015760 000000 000003 077163 004330 000000 010004 000000 000010
0016000 000000 034000 000000 000000 000000 000000 000000 000004
0016020 077163 004330 000000 010005 000000 000010 000000 040000
0016040 000000 000000 000000 000000 000000 000001 077163 004330
0016060 000000 010003 000000 000010 000000 040000 000000 000000
0016100 000000 000000 000000 000002 077163 004330 000000 010004
0016120 000000 000010 000000 040000 000000 000000 000000 000000
0016140 000000 000003 077163 004330 000000 010005 000000 000010
0016160 000000 040000 000000 000000 000000 000000 000000 000004
0016200 077163 004330 000000 010006 000000 000010 000000 044000
0016220 000000 000000 000000 000000 000000 000001 077163 004330
0016240 000000 010004 000000 000010 000000 044000 000000 000000
0016260 000000 000000 000000 000002 077163 004330 000000 010005
0016300 000000 000010 000000 044000 000000 000000 000000 000000
0016320 000000 000003 077163 004330 000000 010006 000000 000010
0016340 000000 044000 000000 000000 000000 000000 000000 000004
0016360 077163 004330 000000 010003 000000 000010 000000 050000
0016400 000000 000000 000000 000000 000000 000001 077163 004330
0016420 000000 010005 000000 000010 000000 050000 000000 000000
0016440 000000 000000 000000 000002 077163 004330 000000 010006
0016460 000000 000010 000000 050000 000000 000000 000000 000000
0016500 000000 000003 077163 004330 000000 010003 000000 000010
0016520 000000 050000 000000 000000 000000 000000 000000 000004
0016540 077163 004330 000000 010004 000000 000010 000000 054000
0016560 000000 000000 000000 000000 000000 000001 077163 004330
0016600 000000 010006 000000 000010 000000 054000 000000 000000
0016620 000000 000000 000000 000002 077163 004330 000000 010003
0016640 000000 000010 000000 054000 000000 000000 000000 000000
0016660 000000 000003 077163 004330 000000 010004 000000 000010
0016700 000000 054000 000000 000000 000000 000000 000000 000004
0016720 077163 004330 000000 010005 000000 000010 000000 060000
0016740 000000 000000 000000 000000 000000 000001 077163 004330
0016760 000000 010003 000000 000010 000000 060000 000000 000000
0017000 000000 000000 000000 000002 077163 004330 000000 010004
0017020 000000 000010 000000 060000 000000 000000 000000 000000
0017040 000000 000003 077163 004330 000000 010005 000000 000010
0017060 000000 060000 000000 000000 000000 000000 000000 000004
0017100 077163 004330 000000 010006 000000 000010 000000 064000
0017120 000000 000000 000000 000000 000000 000001 077163 004330
0017140 000000 010004 000000 000010 000000 064000 000000 000000
0017160 000000 000000 000000 000002 077163 004330 000000 010005
0017200 000000 000010 000000 064000 000000 000000 000000 000000
0017220 000000 000003 077163 004330 000000 010006 000000 000010
0017240 000000 064000 000000 000000 000000 000000 000000 000004
0017260 077163 004330 000000 010003 000000 000010 000000 070000
0017300 000000 000000 000000 000000 000000 000001 077163 004330
0017320 000000 010005 000000 000010 000000 070000 000000 000000
0017340 000000 000000 000000 000002 077163 004330 000000 010006
0017360 000000 000010 000000 070000 000000 000000 000000 000000
0017400 000000 000003 077163 004330 000000 010003 000000 000010
0017420 000000 070000 000000 000000 000000 000000 000000 000004
0017440 077163 004330 000000 010004 000000 000010 000000 074000
0017460 000000 000000 000000 000000 000000 000001 077163 004330
0017500 000000 010006 000000 000010 000000 074000 000000 000000
0017520 000000 000000 000000 000002 077163 004330 000000 010003
0017540 000000 000010 000000 074000 000000 000000 000000 000000
0017560 000000 000003 077163 004330 000000 010004 000000 000010
0017600 000000 074000 000000 000000 000000 000000 000000 000004
0017620 077163 004330 000000 010005 000000 000010 000000 100000
0017640 000000 000000 000000 000000 000000 000001 077163 004330
0017660 000000 010003 000000 000010 000000 100000 000000 000000
0017700 000000 000000 000000 000002 077163 004330 000000 010004
0017720 000000 000010 000000 100000 000000 000000 000000 000000
0017740 000000 000003 077163 004330 000000 010005 000000 000010
0017760 000000 100000 000000 000000 000000 000000 000000 000004
0020000 077163 004330 000000 010006 000000 000010 000000 104000
0020020 000000 000000 000000 000000 000000 000001 077163 004330
0020040 000000 010004 000000 000010 000000 104000 000000 000000
0020060 000000 000000 000000 000002 077163 004330 000000 010005
0020100 000000 000010 000000 104000 000000 000000 000000 000000
0020120 000000 000003 077163 004330 000000 010006 000000 000010
0020140 000000 104000 000000 000000 000000 000000 000000 000004
0020160 077163 004330 000000 010003 000000 000010 000000 110000
0020200 000000 000000 000000 000000 000000 000001 077163 004330
0020220 000000 010005 000000 000010 000000 110000 000000 000000
0020240 000000 000000 000000 000002 077163 004330 000000 010006
0020260 000000 000010 000000 110000 000000 000000 000000 000000
0020300 000000 000003 077163 004330 000000 010003 000000 000010
0020320 000000 110000 000000 000000 000000 000000 000000 000004
0020340 077163 004330 000000 010004 000000 000010 000000 114000
0020360 000000 000000 000000 000000 000000 000001 077163 004330
0020400 000000 010006 000000 000010 000000 114000 000000 000000
0020420 000000 000000 000000 000002 077163 004330 000000 010003
0020440 000000 000010 000000 114000 000000 000000 000000 000000
0020460 000000 000003 077163 004330 000000 010004 000000 000010
0020500 000000 114000 000000 000000 000000 000000 000000 000004
0020520 077163 004330 000000 010005 000000 000010 000000 120000
0020540 000000 000000 000000 000000 000000 000001 077163 004330
0020560 000000 010003 000000 000010 000000 120000 000000 000000
0020600 000000 000000 000000 000002 077163 004330 000000 010004
0020620 000000 000010 000000 120000 000000 000000 000000 000000
0020640 000000 000003 077163 004330 000000 010005 000000 000010
0020660 000000 120000 000000 000000 000000 000000 000000 000004
0020700 077163 004330 000000 010006 000000 000010 000000 124000
0020720 000000 000000 000000 000000 000000 000001 077163 004330
0020740 000000 010004 000000 000010 000000 124000 000000 000000
0020760 000000 000000 000000 000002 077163 004330 000000 010005
0021000 000000 000010 000000 124000 000000 000000 000000 000000
0021020 000000 000003 077163 004330 000000 010006 000000 000010
0021040 000000 124000 000000 000000 000000 000000 000000 000004
0021060 077163 004330 000000 010003 000000 000010 000000 130000
0021100 000000 000000 000000 000000 000000 000001 077163 004330
0021120 000000 010005 000000 000010 000000 130000 000000 000000
0021140 000000 000000 000000 000002 077163 004330 000000 010006
0021160 000000 000010 000000 130000 000000 000000 000000 000000
0021200 000000 000003 077163 004330 000000 010003 000000 000010
0021220 000000 130000 000000 000000 000000 000000 000000 000004
0021240 077163 004330 000000 010004 000000 000010 000000 134000
0021260 000000 000000 000000 000000 000000 000001 077163 004330
0021300 000000 010006 000000 000010 000000 134000 000000 000000
0021320 000000 000000 000000 000002 077163 004330 000000 010003
0021340 000000 000010 000000 134000 000000 000000 000000 000000
0021360 000000 000003 077163 004330 000000 010004 000000 000010
0021400 000000 134000 000000 000000 000000 000000 000000 000004
0021420 077163 004330 000000 010005 000000 000010 000000 140000
0021440 000000 000000 000000 000000 000000 000001 077163 004330
0021460 000000 010003 000000 000010 000000 140000 000000 000000
0021500 000000 000000 000000 000002 077163 004330 000000 010004
0021520 000000 000010 000000 140000 000000 000000 000000 000000
0021540 000000 000003 077163 004330 000000 010005 000000 000010
0021560 000000 140000 000000 000000 000000 000000 000000 000004
0021600 077163 004330 000000 010006 000000 000010 000000 144000
0021620 000000 000000 000000 000000 000000 000001 077163 004330
0021640 000000 010004 000000 000010 000000 144000 000000 000000
0021660 000000 000000 000000 000002 077163 004330 000000 010005
0021700 000000 000010 000000 144000 000000 000000 000000 000000
0021720 000000 000003 077163 004330 000000 010006 000000 000010
0021740 000000 144000 000000 000000 000000 000000 000000 000004
0021760 077163 004330 000000 010003 000000 000010 000000 150000
0022000 000000 000000 000000 000000 000000 000001 077163 004330
0022020 000000 010005 000000 000010 000000 150000 000000 000000
0022040 000000 000000 000000 000002 077163 004330 000000 010006
0022060 000000 000010 000000 150000 000000 000000 000000 000000
0022100 000000 000003 077163 004330 000000 010003 000000 000010
0022120 000000 150000 000000 000000 000000 000000 000000 000004
0022140 077163 004330 000000 010004 000000 000010 000000 154000
0022160 000000 000000 000000 000000 000000 000001 077163 004330
0022200 000000 010006 000000 000010 000000 154000 000000 000000
0022220 000000 000000 000000 000002 077163 004330 000000 010003
0022240 000000 000010 000000 154000 000000 000000 000000 000000
0022260 000000 000003 077163 004330 000000 010004 000000 000010
0022300 000000 154000 000000 000000 000000 000000 000000 000004
0022320 077163 004330 000000 010005 000000 000010 000000 160000
0022340 000000 000000 000000 000000 000000 000001 077163 004330
0022360 000000 010003 000000 000010 000000 160000 000000 000000
0022400 000000 000000 000000 000002 077163 004330 000000 010004
0022420 000000 000010 000000 160000 000000 000000 000000 000000
0022440 000000 000003 077163 004330 000000 010005 000000 000010
0022460 000000 160000 000000 000000 000000 000000 000000 000004
0022500 077163 004330 000000 010006 000000 000010 000000 164000
0022520 000000 000000 000000 000000 000000 000001 077163 004330
0022540 000000 010004 000000 000010 000000 164000 000000 000000
0022560 000000 000000 000000 000002 077163 004330 000000 010005
0022600 000000 000010 000000 164000 000000 000000 000000 000000
0022620 000000 000003 077163 004330 000000 010006 000000 000010
0022640 000000 164000 000000 000000 000000 000000 000000 000004
0022660 077163 004330 000000 010003 000000 000010 000000 170000
0022700 000000 000000 000000 000000 000000 000001 077163 004330
0022720 000000 010005 000000 000010 000000 170000 000000 000000
0022740 000000 000000 000000 000002 077163 004330 000000 010006
0022760 000000 000010 000000 170000 000000 000000 000000 000000
0023000 000000 000003 077163 004330 000000 010003 000000 000010
0023020 000000 170000 000000 000000 000000 000000 000000 000004
0023040 077163 004330 000000 010004 000000 000010 000000 174000
0023060 000000 000000 000000 000000 000000 000001 077163 004330
0023100 000000 010006 000000 000010 000000 174000 000000 000000
0023120 000000 000000 000000 000002 077163 004330 000000 010003
0023140 000000 000010 000000 174000 000000 000000 000000 000000
0023160 000000 000003 077163 004330 000000 010004 000000 000010
0023200 000000 174000 000000 000000 000000 000000 000000 000004
0023220 077163 004330 000000 010005 000000 000010 000000 000002
0023240 000000 000400 177777 177777 177777 177777 177777 177777
0023260 177777 177777 177777 177777 177777 177777 177777 177777
*
0025240 177777 177777 000000 000001 101000 004060 000000 000000
0025260 100010 000000 000000 000000 000010 000000 100400 004020
0025300 000000 000000 000000 000100 000000 000000 000000 000100
0025320 101000 004024 000000 000000 100000 000000 000000 000000
0025340 000000 010000 141400 004040 000000 020400 000000 000000
0025360 000000 000000 000000 040000 175026 037076 061352 067145
0025400 072167 067562 065400 000000 000000 040000 000010 000000
0025420 000001 000000 000000 000002 000000 000000 000000 000000
0025440 015364 000000 000003 000000 000001 000000 000002 000000
0025460 010000 000000 000000 070545 066565 057566 064562 072151
0025500 067455 067145 072055 070143 064472 030060 030060 035060
0025520 030072 030061 027060 000000 000010 000000 000000 000000
0025540 000000 000000 000000 000000 000000 000001 000010 010000
0025560 000000 000000 000000 000000 000000 000000 000000 040002
0025600 000010 012000 000000 000000 000000 000000 000000 000000
0025620 000020 000003 000010 020000 000000 000000 000000 000000
0025640 000000 000000 000100 000002 000010 030000 000000 000000
0025660 000000 000000 000000 000000 004000 000000 000000 000000
0025700 000000 001400 000032 172176 071335 164145 072150 062562
0025720 067145 072000 000000 002000 004000 000000 020000 000000
0025740 000000 000000 000000 000000 100400 014020 000000 000000
0025760 000000 000200 000000 000000 000000 000100 101000 014024
0026000 000000 000000 100021 000000 000000 000000 000000 010000
0026020 141400 014040 000000 020400 000001 000000 000000 000000
0026040 000000 040000 061154 067543 065400 000000 000000 040000
0026060 000030 000000 000002 000000 000000 000001 000000 000000
0026100 000000 000000 015364 000000 000003 000000 000001 000000
0026120 000002 000000 010001 000000 000000 070545 066565 057566
0026140 064562 072151 067455 061154 065455 070143 064472 030060
0026160 030060 035060 030072 030063 027060 000000 000030 000000
0026200 000000 000000 000000 000000 000000 000000 000000 000001
0026220 000030 010000 000000 000000 000000 000000 000000 000000
0026240 000000 040002 000030 012000 000000 000000 000000 000000
0026260 000000 000000 000020 000003 000030 020000 000000 000000
0026300 000000 000000 000000 000000 000100 000000 000000 000000
0026320 000000 001000 000032 172176 071354 014163 061563 064400
0026340 077162 134140 070143 064400 077162 102060 000000 000002
0026360 041520 052440 030000 041520 052440 034000 000000 000002
0026400 041520 052400 041520 052400 000000 000000 000000 000030
0026420 000000 000002 017204 100000 014000 173077 143700 100360
0026440 100000 000000 000000 000000 000000 100000 100000 100000
0026460 100000 000000 000040 061560 072400 010000 000010 000000
0026500 000040 000000 000001 000000 000010 000000 000014 000000
0026520 000000 000000 000001 000000 000014 000000 000000 000000
0026540 000020 000000 000420 000000 000001 000000 000020 000000
0026560 000001 000000 000200 067553 060571 000017 000000 002000
0026600 000000 004000 000000 000000 000000 000400 000000 100000
0026620 000000 004000 000000 100314 022532 040000 000000 016000
0026640 000000 024377 177777 177777 177777 177576 071257 054000
0026660 000400 000000 000200 000120 067567 062562 050103 026120
0026700 047527 042522 034000 000000 000200 000000 000002 010000
0026720 000000 010000 000010 000000 000000 000000 000030 000000
0026740 000002 017204 100000 014000 173077 143700 100360 100000
0026760 000000 000000 000000 000000 100000 100000 100000 100000
0027000 000000 000040 061560 072400 010000 000000 000000 000040
0027020 000000 000001 000000 000000 000000 000014 000000 000000
0027040 000000 000001 000000 000014 000000 000000 000000 000020
0027060 000000 000420 000000 000001 000000 000020 000000 000001
0027100 000000 000200 067553 060571 000017 000000 002000 000000
0027120 000000 000000 000000 000000 000000 000000 100000 000000
0027140 000000 000000 100314 022532 040000 000000 016000 000000
0027160 024377 177777 177777 177777 177576 071246 130000 000400
0027200 000000 000200 000120 067567 062562 050103 026120 047527
0027220 042522 034000 000000 000200 000000 000001 000000 000000
0027240 000000 000002 177777 177777 177777 177777 077162 122020
0027260 061560 072563 000064 032466 061466 032062 061455 032070
0027300 034144 026464 060465 060455 034145 031543 026460 034061
0027320 030060 033063 034545 032060 033400 000154 064556 072570
0027340 026153 073155 000176 071211 064150 074560 062562 073151
0027360 071557 071000 044502 046454 070160 061455 074151 061560
0027400 000120 067567 062562 050103 026505 074164 062562 067141
0027420 066055 044556 072145 071162 072560 072055 050162 062563
0027440 062556 072141 072151 067556 000000 000000 001000 000000
0027460 000000 000000 010176 071410 154151 067164 062562 071165
0027500 070164 026543 067556 072162 067554 066145 071000 066555
0027520 072400 077163 176370 066555 072400
0027532
